image,label,area,perimeter,major_axis_length,minor_axis_length,aspect_ratio,eccentricity,orientation_deg,centroid_x,centroid_y,nuclear_area,nuclear_fraction,nuclear_mean_R,nuclear_mean_G,nuclear_mean_B
R-225-2-14_masks.tif,1,3256.0,297.55634918610406,107.44923416078535,42.630390343215346,2.520484407853562,0.9179270812996105,-19.11623255506901,20.39404176904177,40.064189189189186,0,0.0,,,
R-225-2-14_masks.tif,2,5517.0,391.4558441227157,122.67194540369722,65.12907914128562,1.883520341775183,0.8474214863566506,-52.81634099280078,235.56914990030813,33.937284756208086,0,0.0,,,
R-225-2-14_masks.tif,3,8435.0,545.2548339959391,190.86181810042885,58.49313109117349,3.262978311127365,0.9518808073406079,-59.14658122123947,299.12353289863665,48.214226437462955,4607,0.5461766449318316,196.42239379882812,194.71673583984375,142.84523010253906
R-225-2-14_masks.tif,4,14201.0,706.0416305603426,295.33789687435484,68.48342246913037,4.312545813659963,0.9727440187900893,3.2823522384413883,483.4170833039927,115.0836560805577,8270,0.5823533553975072,188.16493225097656,180.0946807861328,160.66529846191406
R-225-2-14_masks.tif,5,13199.0,652.0416305603426,270.3863082832293,65.54776125849817,4.125027355502155,0.9701707407221798,-7.748363131037951,539.4669293128268,109.14842033487385,6755,0.511781195545117,193.2908935546875,186.26646423339844,175.14715576171875
R-225-2-14_masks.tif,6,13975.0,783.4974746830583,295.4312371445701,67.76702605885802,4.359513089566271,0.9733361438610457,-16.413753881736735,593.5003935599284,117.38525939177102,7649,0.5473345259391771,194.5978546142578,192.86822509765625,171.4180908203125
R-225-2-14_masks.tif,7,17434.0,995.095454429505,378.3608257990047,73.20472361047642,5.168530214146687,0.9811044952425736,-32.331720203696804,2445.4689113227028,131.0987151542962,9235,0.5297120569003098,202.71694946289062,197.31358337402344,167.4203643798828
R-225-2-14_masks.tif,8,18649.0,1046.8528137423857,400.4918973746471,71.75878591121176,5.58108519102012,0.9838169228015339,22.124311261410924,2656.17346774626,184.1045632473591,9622,0.5159525979945305,193.91758728027344,192.66078186035156,169.74142456054688
R-225-2-14_masks.tif,9,8928.0,660.9116882454314,234.53309557071628,53.28366020983604,4.401595060232405,0.9738503667633225,-64.54972935395628,3028.501904121864,48.38317652329749,3524,0.39471326164874554,211.37229919433594,209.8132781982422,165.60414123535156
R-225-2-14_masks.tif,10,14934.0,755.698484809835,324.38192315090004,61.719480402603295,5.25574617665151,0.9817321991650376,-3.0574856525376504,3247.184411410205,144.5011383420383,9818,0.6574260077675104,200.35934448242188,197.3058624267578,170.8987579345703
R-225-2-14_masks.tif,11,17957.0,929.8822509939085,348.65403165195454,71.88319237886954,4.850285861183362,0.9785154689242153,68.07627427017505,3459.827253995656,74.21066993373059,3781,0.21055855655176253,190.7545623779297,188.60275268554688,155.9698486328125
R-225-2-14_masks.tif,12,10267.0,647.4558441227157,275.22331063534887,53.10440433865654,5.182683320957698,0.9812085426583478,9.454763463903815,433.8426999123405,121.01217492938541,0,0.0,,,
R-225-2-14_masks.tif,13,15114.0,999.1959594928933,375.196434000928,82.2859902633387,4.559663592796198,0.9756542332687816,-29.959256250985412,664.687971417229,132.84120682810638,1479,0.09785629217943628,209.40771484375,201.49560546875,204.1304931640625
R-225-2-14_masks.tif,14,20466.0,1119.9238815542512,426.7941077148086,80.52302589426805,5.300274088994333,0.9820406428454479,-30.997303201310597,709.6639792827128,159.41019251441415,8155,0.3984657480699697,201.03985595703125,196.6761474609375,159.12985229492188
R-225-2-14_masks.tif,15,11508.0,683.1126983722081,282.92442941959195,57.26062380932831,4.940994536868821,0.9793053322649671,-2.844538231625236,3298.308481056656,133.4017205422315,6161,0.5353667014250956,201.19786071777344,198.59422302246094,171.8662567138672
R-225-2-14_masks.tif,16,20688.0,1311.4386001800126,527.0296174817163,61.97283038185021,8.50420441077782,0.9930623604584635,-16.91405842882075,2107.951227764888,276.7309551430781,12386,0.5987045630317092,202.75326538085938,200.02236938476562,170.57977294921875
R-225-2-14_masks.tif,17,14374.0,999.2375900532359,366.53561492946903,57.8922559087277,6.331341026118331,0.9874480034421893,-35.01294762064434,2479.066161124252,167.1538193961319,7157,0.4979128982885766,206.4768829345703,200.9510955810547,168.9733123779297
R-225-2-14_masks.tif,18,15568.0,878.1248916810279,336.0457327932685,71.58763818300444,4.694186612697174,0.9770457782181159,-26.380211995337053,801.1869218910585,203.5429727646454,11014,0.7074768756423433,194.47947692871094,190.91465759277344,168.07435607910156
R-225-2-14_masks.tif,19,16283.0,1006.4680374315354,385.6426215683644,59.06601294441891,6.529010548439319,0.9882010062737397,-16.940946319027095,2072.208131179758,248.66056623472332,7395,0.4541546398083891,195.3726806640625,186.3530731201172,164.6331329345703
R-225-2-14_masks.tif,20,12341.0,709.39696961967,265.956858998238,59.87988793974142,4.441505623154753,0.9743243728422143,-25.689350847199403,759.0344380520218,180.4311644113119,6288,0.5095211085001216,198.94338989257812,191.82919311523438,178.87945556640625
R-225-2-14_masks.tif,21,7872.0,545.5563491861041,238.71319336042097,44.679213218244044,5.342824462784995,0.9823281243930903,-2.0896826321586857,17.71582825203252,226.16514227642276,0,0.0,,,
R-225-2-14_masks.tif,22,19712.0,1187.9655121145938,450.63026931882763,74.09283898722438,6.08196791320857,0.9863903437678853,52.756448935706516,353.68643465909093,291.3790584415584,9718,0.4929991883116883,190.1706085205078,188.53746032714844,169.3167266845703
R-225-2-14_masks.tif,23,21350.0,1186.1665222413703,457.6753592071501,77.76213092408143,5.885581500511798,0.9854601451735405,62.16535473478268,412.1743325526932,262.451943793911,11965,0.5604215456674473,194.06100463867188,193.9460906982422,180.02381896972656
R-225-2-14_masks.tif,24,18052.0,1005.6396103067893,384.61076242877647,75.80101041752405,5.073952976487768,0.9803864057160819,-12.037251915643894,2446.161754930202,348.7596942167073,8829,0.4890870817637935,203.96002197265625,198.79454040527344,165.42575073242188
R-225-2-14_masks.tif,25,21320.0,997.1543289325507,397.34785570592754,69.5145953591605,5.71603493702227,0.9845779506344343,-77.04672167248533,3418.7212476547843,266.91341463414636,8287,0.38869606003752344,196.7086944580078,193.06781005859375,154.30348205566406
R-225-2-14_masks.tif,26,19395.0,900.0832611206852,354.06625879094133,77.31830553702916,4.579332880250104,0.9758655063449212,-9.867130994775193,2494.2273781902554,421.87517401392114,5335,0.27507089456045375,212.32821655273438,209.50927734375,175.6389923095703
R-225-2-14_masks.tif,27,20591.0,1234.8528137423857,500.9208658306303,53.664415379894145,9.334320746524051,0.9942448575315603,-20.4409809571835,1018.0628429896557,482.26395026953526,6258,0.303919187994755,201.70980834960938,197.2034149169922,174.8047332763672
R-225-2-14_masks.tif,28,21963.0,1242.208152801713,470.12404495978603,73.81385521667237,6.369048786027896,0.9875971214857834,-33.47230033596069,1520.6708555297546,434.62846605654966,4737,0.2156809179073897,197.14967346191406,194.1123046875,156.51234436035156
R-225-2-14_masks.tif,29,20447.0,1313.4802307403552,504.61633961462246,54.0322771503481,9.339164777573538,0.9942508433857692,-24.329818621108007,1071.0342837580085,484.4940578079914,6338,0.3099721230498362,193.8939666748047,188.92379760742188,162.77548217773438
R-225-2-14_masks.tif,30,16248.0,857.4974746830583,341.78954789913865,66.12490581637914,5.168847405972068,0.9811068365856034,-13.517786225522963,2102.2030403742,465.84121122599703,9288,0.5716395864106352,200.6399688720703,195.9866485595703,168.1856231689453
R-225-2-14_masks.tif,31,17978.0,1110.5096679918781,400.1225190050003,102.43938799997464,3.9059440593797703,0.9666714711473149,-44.32122150662105,2214.894315274224,403.12988096562464,5241,0.2915229725219713,200.3234100341797,195.76626586914062,167.22933959960938
R-225-2-14_masks.tif,32,13136.0,775.0121933088197,286.6159552162413,66.96537188022874,4.280062174953193,0.9723228195863944,-87.45247104188657,3310.0702649208283,340.59805115712544,4836,0.3681485992691839,201.00868225097656,199.9317626953125,163.46484375
R-225-2-14_masks.tif,33,16184.0,1103.6223663640862,375.1969556463022,58.63692555558446,6.398646451724978,0.9877123100727414,-43.038283843481516,2283.15830449827,441.31450815620366,6664,0.4117647058823529,208.3708038330078,198.71234130859375,155.11749267578125
R-225-2-14_masks.tif,34,17993.0,1057.7228714274745,394.2921665601609,62.678210116063156,6.290737496013975,0.9872844002102589,-50.93776084118232,2613.0834213305175,486.055577168899,5350,0.29733785360973713,204.2773895263672,199.8467254638672,168.38710021972656
R-225-2-14_masks.tif,35,18905.0,1086.367532368147,431.24098446515245,75.18161701595452,5.735989748313574,0.9846858998547265,15.898161226092117,810.2545358370801,556.5891034117958,7230,0.38243850833112936,193.74273681640625,189.5575408935547,170.69876098632812
R-225-2-14_masks.tif,36,8670.0,624.2253967444162,228.39254245426574,51.64220970690108,4.422594303197392,0.9741013969122316,-53.786833019236276,2630.4747404844293,416.0892733564014,4302,0.4961937716262976,207.14341735839844,201.4693145751953,159.9597930908203
R-225-2-14_masks.tif,37,15185.0,1044.6101730552664,356.3004132656119,92.68004235467018,3.8444135782989077,0.9655769179927122,-44.54134182075514,2320.7055647020084,520.372933816266,9804,0.6456371419163648,202.27468872070312,196.9897003173828,166.6910400390625
R-225-2-14_masks.tif,38,18552.0,1029.095454429505,313.8018795680671,105.58885324157465,2.97192241353475,0.9416897051662715,-18.942922932377193,1950.6480163863735,512.4430250107805,6675,0.3597994825355757,198.3526611328125,195.1261444091797,160.81468200683594
R-225-2-14_masks.tif,39,13854.0,926.4680374315354,368.54191361076016,63.46961691612341,5.806587963147737,0.9850588302895237,17.43820047318308,886.6112314133102,548.8970694384293,10208,0.7368269091959001,192.84727478027344,191.26165771484375,168.89871215820312
R-225-2-14_masks.tif,40,15133.0,912.0832611206852,366.72750258367046,56.91540387236447,6.443378727594984,0.9878833718171759,76.68902115814413,5036.899292935967,442.8566047710302,8571,0.5663781140553756,202.91610717773438,200.71006774902344,181.16590881347656
R-225-2-14_masks.tif,41,13399.0,622.142135623731,276.7824878450828,63.590034748599074,4.352607903727879,0.9732503116089999,-89.91123944997457,120.23531606836332,439.275692215837,6185,0.4616016120606015,192.01649475097656,192.48342895507812,163.95538330078125
R-225-2-14_masks.tif,42,15663.0,1041.1543289325507,420.9293009818534,57.38798104711817,7.334798912619894,0.9906626009657369,77.10117547054915,5044.625742194982,487.2685947775011,7599,0.48515610036391493,201.057373046875,202.83721923828125,173.29490661621094
R-225-2-14_masks.tif,43,10094.0,696.4264068711929,272.3398637400708,47.730431041212164,5.705790997464968,0.9845220890440844,16.2450844361974,850.6122448979592,557.9066772340004,6638,0.6576183871606895,207.07005310058594,204.30325317382812,179.7181396484375
R-225-2-14_masks.tif,44,14911.0,915.2964645562816,329.33075695292285,98.47489587269895,3.3443118069264806,0.9542483542451414,3.0583991419709298,4891.95043927302,614.058547381128,7874,0.5280665280665281,201.9076690673828,204.24917602539062,174.4823455810547
R-225-2-14_masks.tif,45,15397.0,877.7817459305202,330.7054493719562,66.22129170244754,4.993944407758106,0.9797463621889672,58.37676841554342,307.4200168864064,534.988114567773,9921,0.6443463012275119,190.2889862060547,189.26226806640625,172.00685119628906
R-225-2-14_masks.tif,46,14583.0,970.7523086789973,366.83890310022764,53.60504297807868,6.843365525333937,0.9892658490612467,57.66454302064127,295.16066652952065,584.2951381745869,4113,0.2820407323595968,194.177490234375,191.8108367919922,174.41697692871094
R-225-2-14_masks.tif,47,16268.0,1013.3380951166242,363.0254469441794,66.7546718415418,5.43820285426475,0.9829478992676107,-58.61922380414923,1123.467605114335,590.6335751167937,8180,0.502827637078928,202.4680938720703,203.01515197753906,178.15293884277344
R-225-2-14_masks.tif,48,17230.0,1113.681240867132,434.0764649746017,65.31972708239554,6.645411491493977,0.9886130883689844,61.90669302044487,210.04051073708646,590.8128845037725,8921,0.5177597214161347,195.76449584960938,193.0705108642578,158.04002380371094
R-225-2-14_masks.tif,49,11258.0,693.5979797464466,252.31437779396438,66.8420279356762,3.774786396917415,0.9642715889495291,81.81807054565364,2684.3928761769407,554.6912417836205,7525,0.6684135725706164,200.07720947265625,198.9129638671875,182.43800354003906
R-225-2-14_masks.tif,50,15481.0,890.7106781186548,314.09701785602965,84.72632651603507,3.707195045173881,0.9629315894978424,-70.63872338872385,2285.3039855306506,616.630902396486,5032,0.3250436018345068,203.67666625976562,198.29371643066406,161.1476593017578
R-225-2-14_masks.tif,51,18083.0,1125.681240867132,444.13928129077516,77.14232552554253,5.75740072994969,0.984800467532892,64.71248241024223,164.07222252944754,655.9469114638058,13430,0.7426865011336614,198.53924560546875,196.34988403320312,177.94192504882812
R-225-2-14_masks.tif,52,12862.0,896.953318805774,327.2792616471885,52.23937647075023,6.26499173148512,0.987178996835377,63.34362274796691,182.2767843259213,622.3792567252372,7628,0.5930648421707355,200.9805908203125,197.73728942871094,169.7481689453125
R-225-2-14_masks.tif,53,21699.0,1281.4802307403552,499.27440224471553,64.9350505554793,7.688827497225783,0.9915062771555352,25.415307382182927,3252.8822526383706,775.9526245449099,14768,0.6805843587262086,193.650390625,192.74932861328125,168.371337890625
R-225-2-14_masks.tif,54,16041.0,922.0832611206852,378.9459087512573,62.684069165820986,6.045330397246782,0.9862237266481982,80.39254967917861,2707.5246555701015,610.4796459073624,7332,0.4570787357396671,206.4918212890625,204.7647247314453,172.68289184570312
R-225-2-14_masks.tif,55,19247.0,1107.8233764908628,408.5595011086962,85.7793409578678,4.762912567833416,0.9777109289852551,47.968679566733904,115.37824076479451,752.9953239465891,13348,0.6935106769886216,190.96861267089844,187.1627960205078,169.2678985595703
R-225-2-14_masks.tif,56,12514.0,707.0121933088197,260.4288812244201,62.484003636122175,4.16792884689395,0.970790853329782,79.26683864744341,2525.301022854403,630.3706249001119,5145,0.41113952373341855,194.3741455078125,192.06997680664062,170.52186584472656
R-225-2-14_masks.tif,57,17491.0,963.2548339959391,382.7800141114358,68.47357131768219,5.590186209735333,0.983870004737953,-84.0275406798909,1222.291349837059,633.5718941169745,11215,0.6411868961180035,200.4735565185547,199.81283569335938,180.76058959960938
R-225-2-14_masks.tif,58,13881.0,1017.1370849898476,371.6177280052122,51.64815802942009,7.195178728223558,0.9902949138639366,-41.99141871129562,1867.9368201138248,741.4777033354945,4697,0.3383761976802824,208.39088439941406,203.3253173828125,169.12518310546875
R-225-2-14_masks.tif,59,13648.0,982.5096679918781,360.56022821695365,50.18686555195757,7.184354397340716,0.990265503589145,62.93952915867769,2534.0211752637747,700.8277403282532,6080,0.4454865181711606,199.08009338378906,196.6631622314453,173.85789489746094
R-225-2-14_masks.tif,60,16393.0,974.0243866176395,365.240577559845,73.59080416560437,4.963127957372627,0.9794914275926948,62.826348105373214,2483.3723540535593,724.4257304947233,4803,0.2929909107545904,200.20654296875,197.16177368164062,171.6116943359375
R-225-2-14_masks.tif,61,16350.0,1010.3675323681471,360.9293729652483,92.25341300813955,3.9123687806911103,0.9667827216144204,73.12673093662872,195.49584097859326,724.4555351681958,9466,0.5789602446483181,205.0209197998047,203.66322326660156,179.03465270996094
R-225-2-14_masks.tif,62,14634.0,883.6396103067893,323.2307843141283,64.68600883028765,4.996919583679483,0.9797707220336797,19.386056738603298,2174.8937406040727,767.4864698646986,10664,0.7287139538062047,208.23068237304688,205.7548828125,186.3716278076172
R-225-2-14_masks.tif,63,15733.0,962.8944443027283,361.06085970115754,58.604027992433565,6.1610246269723055,0.9867397064337918,-39.504338472338986,1799.5455412190936,751.341257230026,4443,0.2824000508485349,204.1282958984375,198.20301818847656,162.85842895507812
R-225-2-14_masks.tif,64,18786.0,1018.2842712474619,440.67810702352045,59.57998123591218,7.396412316388901,0.9908182351995398,-4.592997012090692,2031.6033216224848,856.6584158415842,9659,0.5141594804641755,200.4585418701172,196.59002685546875,174.436279296875
R-225-2-14_masks.tif,65,13892.0,830.8111831820431,322.0388579362964,57.85425269762484,5.5663817769703465,0.9837306078827912,20.43015908231393,2127.964367981572,778.5213072271811,10675,0.7684278721566369,199.03981018066406,195.3121337890625,182.20814514160156
R-225-2-14_masks.tif,66,19621.0,1004.1837661840735,437.4472988379293,57.67961870536203,7.584087909327028,0.9912690128770413,-82.38719938690852,1192.3819377197901,687.5018602517711,10329,0.5264257683094643,202.98751831054688,202.41514587402344,175.52792358398438
R-225-2-14_masks.tif,67,16092.0,898.1248916810279,320.50821844814124,72.16181671595272,4.44152091832365,0.9743245520091139,27.70623681001945,2254.4447551578423,783.1388267462092,12167,0.7560899826000497,195.38941955566406,193.4006805419922,175.53562927246094
R-225-2-14_masks.tif,68,19129.0,1074.0243866176395,400.31438148622334,65.66800489795631,6.0960338616695475,0.9864535077281282,-23.773411424789874,1947.2446024360918,848.4488995765591,8829,0.4615505253803126,205.64944458007812,200.6896514892578,176.2597198486328
R-225-2-14_masks.tif,69,17147.0,998.6101730552664,374.4309547275083,86.14141982843427,4.346700524245517,0.9731765512575162,-28.0538255018184,1913.2348515775354,791.8774712777746,7815,0.455764856826267,204.29034423828125,199.93653869628906,181.88560485839844
R-225-2-14_masks.tif,70,13916.0,799.0121933088197,298.83155807159505,68.49316759250512,4.362939670851123,0.9733785826481052,87.61936585528912,2695.1400546133946,699.563811440069,4369,0.31395515952860015,187.91256713867188,184.2691650390625,148.87136840820312
R-225-2-14_masks.tif,71,18532.0,1117.7817459305202,432.09972188342886,67.40578801117655,6.410424603474444,0.9877577015708803,70.0614118737619,4825.546837902008,761.1850852579322,8726,0.47086121303690914,201.21807861328125,200.29234313964844,176.6879425048828
R-225-2-14_masks.tif,72,14405.0,900.0832611206852,345.3177940295406,65.09216937946228,5.305058923700497,0.9820733202447859,-81.26727220605349,1199.088719194724,735.5694550503298,7574,0.5257896563693162,199.3311309814453,200.20068359375,173.37998962402344
R-225-2-14_masks.tif,73,17082.0,1017.39696961967,395.74701078940217,64.46590331020165,6.138857759971474,0.9866431207188774,16.62231040757497,2109.42945790891,897.5545018147758,12126,0.7098700386371619,195.30191040039062,192.97386169433594,168.7812957763672
R-225-2-14_masks.tif,74,3708.0,343.698484809835,119.26713905468965,42.05133467897663,2.836227196239664,0.9357812746331499,34.28275313044577,30.694444444444443,746.338996763754,0,0.0,,,
R-225-2-14_masks.tif,75,16353.0,1029.1959594928933,392.4555532166428,56.44092456918069,6.953386327603524,0.9896046168426983,69.73180715199754,4682.325016816486,773.420840212805,13576,0.8301840640861005,204.92457580566406,202.16116333007812,184.616455078125
R-225-2-14_masks.tif,76,20341.0,1180.2670273047588,451.5094661641563,70.10895351693438,6.440111334069436,0.9878709984485642,68.65605907610116,4682.7117152549035,822.995575438769,11604,0.5704734280517182,204.6292724609375,201.9641571044922,173.74362182617188
R-225-2-14_masks.tif,77,23742.0,1387.764501987817,523.8035121059245,92.27348516945386,5.676641682537466,0.9843614582781042,47.93912543131262,1145.054965883245,856.6547468621009,16087,0.6775756044141185,196.6534423828125,194.57400512695312,178.39056396484375
R-225-2-14_masks.tif,78,7054.0,473.1126983722081,170.022709369492,54.24318250565301,3.134453059640682,0.9477429588124213,19.505621940091377,32.818967961440315,838.5355826481428,0,0.0,,,
R-225-2-14_masks.tif,79,16130.0,1050.2670273047588,414.2428383214574,62.26660957399583,6.652728342775484,0.9886382657125183,27.436361597027243,957.3488530688159,911.1793552386857,11809,0.7321140731556106,201.26107788085938,197.24285888671875,186.15191650390625
R-225-2-14_masks.tif,80,21252.0,1308.5512985522207,487.12853726853484,103.5240802688474,4.705461144918978,0.9771569297407144,49.4036103712904,1072.6368812347073,936.9012328251458,12176,0.5729343120647469,200.6746826171875,198.3083953857422,178.98866271972656
R-225-2-14_masks.tif,81,13749.0,1062.5512985522207,376.3239411681239,49.5266852724879,7.598407587700444,0.9913020342994264,50.750540777802144,1098.5794603243871,865.8514801076442,9736,0.7081242272165248,203.75379943847656,202.59799194335938,187.6409149169922
R-225-2-14_masks.tif,82,23453.0,1252.7523086789975,484.6622042786433,108.96788576558262,4.447752664682087,0.9743973939458327,-28.77022731197699,680.4039142114016,939.911866285763,6326,0.2697309512642306,206.0382537841797,199.085205078125,157.161865234375
R-225-2-14_masks.tif,83,14546.0,962.6101730552664,370.2045821511514,51.72409662550827,7.157294303881205,0.9901913913845931,27.387409750318497,920.0884091846556,929.8243503368624,8128,0.5587790457857831,204.78604125976562,201.6660919189453,190.7037353515625
R-225-2-14_masks.tif,84,12311.0,679.1126983722081,275.2025021899582,60.15272708487137,4.575062769833632,0.9758198752981161,-87.83810505366428,2524.993095605556,812.2326374786776,4589,0.3727560718057022,201.7271728515625,199.63412475585938,182.09588623046875
R-225-2-14_masks.tif,85,11608.0,953.8233764908629,332.77960074105715,49.07201690210981,6.781453499351676,0.9890678691370233,51.149895322711174,1104.1424017918678,919.8056512749828,1711,0.14739834596829773,223.34832763671875,224.27235412597656,222.19754028320312
R-225-2-14_masks.tif,86,17730.0,1100.1665222413703,426.53046490526134,71.90073671592532,5.932212719745178,0.9856894860214003,-29.11760767943544,720.660067681895,960.4432600112804,9087,0.5125211505922166,196.63607788085938,191.0201416015625,165.3158416748047
R-225-2-14_masks.tif,87,21345.0,999.1959594928933,328.5218552989146,94.5649931891371,3.4740324534454965,0.9576755283275149,-64.36509809052943,2543.8706488639027,910.9819161396111,5103,0.23907238229093464,203.2706298828125,201.08132934570312,167.00784301757812
R-225-2-14_masks.tif,88,16455.0,1068.5269119345812,477.84254000243806,47.58964047475138,10.040894094502706,0.9950282856343998,-5.0530212719747585,2320.550774840474,1026.407778790641,6562,0.3987845639623215,211.73011779785156,208.1380615234375,173.2548065185547
R-225-2-14_masks.tif,89,20712.0,1041.4386001800126,371.4550512263629,81.4455620275926,4.560777063586586,0.9756662676219185,-63.66561041480895,3824.8202008497487,924.9053205870993,0,0.0,,,
R-225-2-14_masks.tif,90,17062.0,955.4974746830583,372.9504489916441,73.8701228898221,5.048731941977446,0.9801879709372904,-89.91357322629075,4998.241472277576,844.5400890868597,7806,0.45750791231977495,206.24903869628906,203.16781616210938,170.31834411621094
R-225-2-14_masks.tif,91,11731.0,706.1837661840735,273.4977971410293,68.34534333883263,4.00170346332334,0.9682733081330049,89.4395790246853,2471.7708635239965,858.9163754155655,3979,0.339186770096326,210.4812774658203,208.86203002929688,185.70620727539062
R-225-2-14_masks.tif,92,14257.0,903.0121933088197,348.56550955409153,64.45442507695279,5.407937610768162,0.9827548236621889,1.227431422701559,2225.3197026022303,1016.4485515886932,360,0.025250754015571298,225.5500030517578,222.77499389648438,239.0388946533203
R-225-2-14_masks.tif,93,13495.0,792.6690475583121,298.11712149324774,68.64285300821334,4.3430176402716985,0.9731304110263405,-78.9636821193245,4531.8757317525005,870.0760281585773,4142,0.3069284920340867,202.7457733154297,199.50193786621094,150.7607421875
R-225-2-14_masks.tif,94,15682.0,888.0416305603426,394.88690793392595,51.662436535921636,7.643598219750155,0.991405023363806,2.7393444819271773,2270.858500191302,1036.5357734982783,12080,0.7703099094503252,196.90057373046875,193.68252563476562,179.77772521972656
R-225-2-14_masks.tif,95,14405.0,1059.0538238691624,393.547423594184,82.72872139552037,4.757083355762997,0.977655645974187,-3.0449094451892043,2385.9628601180148,1038.7162096494274,6691,0.46449149600833045,197.35391235351562,192.62351989746094,160.90988159179688
R-225-2-14_masks.tif,96,3974.0,356.2842712474619,128.20775693373355,41.49274925554848,3.0898833949063857,0.946181386575649,37.08088018715249,34.746351283341724,921.3039758429794,0,0.0,,,
R-225-2-14_masks.tif,97,19371.0,919.9411254969543,390.42632640858994,69.28795187958241,5.634837166021641,0.9841266766624891,-87.6919305505108,4924.1061896649635,908.9113623457746,7497,0.38702183676630014,197.61984252929688,196.16673278808594,154.6666717529297
R-225-2-14_masks.tif,98,13784.0,861.3553390593274,369.5405744284366,49.967029008545275,7.395688352117922,0.9908164291736731,-82.49754460206013,4570.71423389437,910.7053830528149,4736,0.3435867672663958,208.76414489746094,203.31039428710938,151.97592163085938
R-225-2-14_masks.tif,99,9800.0,671.9411254969543,253.9067878945536,56.177212760142595,4.519746983152197,0.975216823089233,-84.34095014900527,4553.589285714285,954.8122448979592,3475,0.35459183673469385,205.22158813476562,203.251220703125,159.86819458007812
R-225-2-14_masks.tif,100,15942.0,1008.0660171779821,375.05979909561347,55.70782720068681,6.7326230072565005,0.9889078240474516,-48.45904077480474,4582.850018818216,1040.1979049052816,3956,0.24814954209007653,201.1415557861328,197.60313415527344,159.33139038085938
R-225-2-14_masks.tif,101,11473.0,811.1959594928933,290.2538117526302,61.99081115562231,4.682207029425286,0.9769267809049179,-45.896815234437604,4631.676980737383,1058.758737906389,60,0.005229669659199861,239.64999389648438,221.0,225.3000030517578
R-225-2-14_masks.tif,102,11837.0,668.8111831820431,239.59766211305447,66.07073883603796,3.626380850797556,0.9612273728897475,-32.808030255196876,852.4598293486525,1049.2306327616795,6176,0.5217538227591451,207.58468627929688,204.91062927246094,169.1029815673828
R-225-2-14_masks.tif,103,16336.0,1067.379725676967,394.97579475930684,53.58975139950966,7.370360646288066,0.9907529083380703,-38.725364008737046,2455.936581782566,1112.0500122428991,7403,0.4531709108716944,210.1038818359375,206.85411071777344,174.0942840576172
R-225-2-14_masks.tif,104,14804.0,1033.8233764908628,369.5092377614406,63.056638886178874,5.8599577187808505,0.9853317621219296,-38.56942103296753,2489.7851256417184,1141.0574844636585,10293,0.6952850580924075,204.105224609375,198.8393096923828,172.33819580078125
R-225-2-14_masks.tif,105,19477.0,1207.5807358037437,444.52088115142493,107.44192624327803,4.137313027550414,0.9703503352953776,-40.494413318795395,2507.235713918981,1181.1680957026235,5632,0.28916157519125124,208.70489501953125,203.98081970214844,170.25071716308594
R-225-2-14_masks.tif,106,17170.0,924.6690475583121,386.34479437246273,59.219779632368045,6.5239147590697275,0.9881824565770144,78.52233442606445,1210.2174140943507,1068.5882352941176,9339,0.5439138031450204,195.49620056152344,194.11703491210938,177.3238067626953
R-225-2-14_masks.tif,107,23173.0,1372.492424049175,509.2264211428472,65.6910703930516,7.751836255612453,0.9916443733672125,-51.02008067723323,1336.251283821689,1191.047943727614,8132,0.35092564622621153,206.49163818359375,204.0774688720703,162.0561981201172
R-225-2-14_masks.tif,108,16878.0,1080.8944443027283,384.4750444158343,63.56010686130784,6.048999339393546,0.986240549761317,-31.619982447416355,5272.263893826283,1215.4262945846665,8094,0.47955918947742626,207.57029724121094,203.5615234375,173.9427947998047
R-225-2-14_masks.tif,109,14588.0,916.1665222413704,331.4922669876354,60.029087554054236,5.522193997853748,0.9834669986256441,-35.3933266544229,5218.84802577461,1205.7931176309296,5482,0.3757883191664382,203.4456329345703,199.29696655273438,160.73220825195312
R-225-2-14_masks.tif,110,16963.0,1008.8111831820431,406.7792610234426,54.98148045809512,7.398477771683047,0.9908233848227608,-73.78458542812439,883.3942109296704,1145.8782644579378,8143,0.4800448033956258,199.7833709716797,196.7274932861328,164.96365356445312
R-225-2-14_masks.tif,111,18302.0,1029.4386001800126,378.79124272724357,94.08998756464106,4.025840076416303,0.9686587348100546,64.43362601594451,2145.136487815539,1156.6955523986448,6677,0.3648235165555677,192.41140747070312,191.66078186035156,161.6017608642578
R-225-2-14_masks.tif,112,15645.0,1014.0660171779821,346.0732950694635,60.13722175892679,5.754727021756575,0.9847862313967511,-41.17633139467924,5332.609012464046,1227.7383189517418,7494,0.47900287631831256,204.58245849609375,203.3505401611328,165.5679168701172
R-225-2-14_masks.tif,113,6339.0,516.8700576850888,192.0835471484957,46.0182420251733,4.174073990992974,0.9708780834242348,-81.5900215434148,1250.06420571068,1128.8714308250512,3852,0.6076668244202555,202.26661682128906,200.85227966308594,164.19210815429688
R-225-2-14_masks.tif,114,16422.0,972.2253967444162,373.4460137993985,64.88736645355552,5.755296203409646,0.9847892636791518,-73.90329575705385,876.322311533309,1196.2579466569237,7481,0.4555474363658507,203.11802673339844,203.11936950683594,157.8827667236328
R-225-2-14_masks.tif,115,6275.0,456.42640687119285,158.78812099186163,53.450047470707204,2.97077605176841,0.941643300301997,-36.60226304902189,5396.435219123506,1231.5861354581673,116,0.01848605577689243,217.60345458984375,200.5,211.44827270507812
R-225-2-14_masks.tif,116,25009.0,1333.1370849898476,509.56088607038527,93.8357360891255,5.4303499637537085,0.9828981157796456,60.897945155526216,266.5080570994442,1367.6051421488264,6264,0.2504698308608901,193.78927612304688,190.50511169433594,160.6869354248047
R-225-2-14_masks.tif,117,15910.0,1016.2670273047588,381.06384877852196,65.48117984798112,5.819440786851837,0.9851252533085115,-62.066021893373524,816.967127592709,1324.220301697046,5108,0.3210559396605908,205.59475708007812,202.84593200683594,163.77525329589844
R-225-2-14_masks.tif,118,12227.0,691.698484809835,281.5201799011531,59.938546066949286,4.696813626188142,0.977071749663421,-85.87360300843193,2889.777541506502,1290.3342602437228,9819,0.8030588042855974,203.10398864746094,201.56268310546875,178.78857421875
R-225-2-14_masks.tif,119,19918.0,1051.4802307403552,386.5965541639466,77.01936143209805,5.01947233754695,0.9799539513571045,45.41440588454194,164.77156340998093,1409.4281052314489,10719,0.5381564414097801,185.24647521972656,182.2150421142578,165.7013702392578
R-225-2-14_masks.tif,120,10312.0,633.5979797464466,239.68227502846852,57.47084201090724,4.170502234558872,0.9708274303562479,-75.72098755963685,5335.359968968192,1330.5074670287045,66,0.0064003103180760275,239.56060791015625,219.21212768554688,217.89393615722656
R-225-2-14_masks.tif,121,11268.0,754.5269119345812,329.2530996648095,48.371636588929746,6.806738884252716,0.9891493833825188,84.10602955154512,4918.041977280795,1331.322151224707,0,0.0,,,
R-225-2-14_masks.tif,122,15816.0,797.9411254969543,332.9489365267553,64.42633440095848,5.1679012879212,0.9810998515488907,-86.81039581488959,2905.509104704097,1338.571067273647,9426,0.59597875569044,204.017822265625,201.101318359375,169.6661376953125
R-225-2-14_masks.tif,123,16109.0,948.7523086789973,358.1282229777342,69.50747086965663,5.152370220020111,0.9809846304013156,45.928007433500184,114.70234030666087,1456.5356012167113,8333,0.5172884722825749,185.69003295898438,182.1587677001953,162.9746856689453
R-225-2-14_masks.tif,124,23183.0,1017.1543289325507,404.25168726200326,81.16306067017241,4.980734880178891,0.9796376714842819,78.43825096181601,1387.0078937152223,1370.1990682827934,7737,0.3337359271880257,203.69509887695312,204.9844970703125,166.33424377441406
R-225-2-14_masks.tif,125,17499.0,1064.669047558312,454.96226537273895,52.644210390135186,8.642208934298932,0.9932829043163399,-78.46470641458443,853.1389222241271,1378.6662666438083,6281,0.3589347962740728,205.60914611816406,201.7349090576172,169.77964782714844
R-225-2-14_masks.tif,126,8732.0,574.9116882454314,201.29036370402997,61.04982070036275,3.2971491381109646,0.9528975657129666,-46.32572311314972,5366.4496106275765,1400.9449152542372,2753,0.315277141548328,203.73301696777344,203.77951049804688,151.60043334960938
R-225-2-14_masks.tif,127,10985.0,726.3259018078045,271.4987692823218,72.0852641774384,3.7663560282449073,0.964108485340519,73.72552824886264,2854.8708238507056,1429.4087391898042,3801,0.3460172963131543,205.09576416015625,201.40884399414062,170.44882202148438
R-225-2-14_masks.tif,128,11016.0,697.1126983722081,269.0934611039058,56.897830325362925,4.729415156344793,0.9773904093772778,84.1831541267439,2908.733206245461,1395.6453340595497,5002,0.4540668119099492,205.27789306640625,202.44522094726562,175.23809814453125
R-225-2-14_masks.tif,129,12547.0,792.1248916810279,291.6642008462561,71.96904897626929,4.052633805713175,0.9690783777006922,-50.05393147610459,5001.333944369172,1432.1414680800192,2041,0.16266836694030445,202.4635009765625,201.7011260986328,153.36305236816406
R-225-2-14_masks.tif,130,14534.0,901.539105243401,322.16489706144773,90.58918325252235,3.5563285316680173,0.9596524472812548,-51.96406176305569,5223.922457685428,1486.556557038668,7635,0.5253199394523187,205.7720947265625,205.87295532226562,179.02894592285156
R-225-2-14_masks.tif,131,10655.0,613.1126983722081,237.34638425108835,58.909403427923415,4.029006753420706,0.9687087774270833,-86.22894894595802,1129.7881745659315,1392.0196152041294,3850,0.36133270764899106,199.1007843017578,197.50466918945312,162.556884765625
R-225-2-14_masks.tif,132,15367.0,856.6101730552664,314.8409443161876,75.93421427572136,4.146232990216802,0.9704797094879013,-48.53856687017286,5054.005466258866,1484.7142578252099,7210,0.46918721936617425,199.9355010986328,200.34466552734375,165.35617065429688
R-225-2-14_masks.tif,133,13205.0,739.840620433566,305.36320646559466,57.78986345752359,5.284027132025345,0.9819290149562936,-74.74888921389389,858.6109049602424,1428.773116243847,5634,0.4266565694812571,206.3789520263672,201.015625,169.0063934326172
R-225-2-14_masks.tif,134,12972.0,726.6690475583121,261.61861214608336,78.14785771427442,3.3477387582730413,0.9543442142130186,-0.5011382162093025,5402.316373728029,1513.3989361702127,2074,0.15988282454517422,203.03567504882812,204.480224609375,142.13644409179688
R-225-2-14_masks.tif,135,11897.0,664.1837661840735,263.23862365139723,61.92305035198156,4.251060342717331,0.9719384205401722,-76.1945427096852,1235.3260485836765,1428.6584853324368,6171,0.5187021938303774,201.3955535888672,198.58871459960938,169.11407470703125
R-225-2-14_masks.tif,136,12717.0,718.4264068711929,279.4040318711371,61.25966719741035,4.5609786120899525,0.9756684449931654,-73.08725418623138,858.9163324683494,1479.1950931823544,5885,0.4627663757175434,208.3439178466797,204.69142150878906,169.22430419921875
R-225-2-14_masks.tif,137,12791.0,705.840620433566,288.16083415397264,57.87000676354594,4.979450500695187,0.979627056533822,-73.88523885731684,1256.9297162067078,1474.8075990931125,5729,0.4478930498006411,205.25973510742188,199.31663513183594,163.745849609375
R-225-2-14_masks.tif,138,20778.0,1158.2670273047588,454.26626377234186,67.94303445827117,6.68598727440324,0.9887516621260651,65.45443606399193,1630.5316681105014,1509.3132159014342,15038,0.723746270093368,196.4095001220703,195.79824829101562,178.38169860839844
R-225-2-14_masks.tif,139,10778.0,532.3847763108503,221.41349464582416,64.1850522422813,3.449611504716827,0.9570606627294759,-84.67485417953337,1036.6975320096492,1478.2115420300613,3581,0.33225088142512527,196.37001037597656,190.23094177246094,164.20274353027344
R-225-2-14_masks.tif,140,18397.0,875.39696961967,340.1063778451307,86.16519412794533,3.9471434061891872,0.9673752657818856,72.4989254618981,2298.36560308746,1496.8481274120782,6076,0.33027123987606677,198.9567108154297,200.7162628173828,160.1761016845703
R-225-2-14_masks.tif,141,17426.0,986.3675323681471,370.40982764384154,63.53534015013169,5.82998102738691,0.9851793941150342,66.37840985161252,1601.227935269138,1549.465913003558,9784,0.5614598875243888,201.01329040527344,198.0745086669922,172.2657470703125
R-225-2-14_masks.tif,142,14344.0,933.539105243401,357.8491186155426,57.69376174970209,6.202561728736476,0.9869178871775592,-68.09128491182184,1258.8119074177357,1562.652328499721,4246,0.2960122699386503,210.71620178222656,204.17381286621094,172.19500732421875
R-225-2-14_masks.tif,143,15775.0,887.7817459305202,325.3806787189871,62.87905824195902,5.174706616421005,0.9811500077880098,-28.420312698064322,845.0258637083994,1633.648177496038,6913,0.43822503961965137,203.9262237548828,199.8588104248047,165.37103271484375
R-225-2-14_masks.tif,144,15242.0,877.7817459305202,328.5063620211648,70.92398050488035,4.631809434307765,0.9764158457378594,-62.91778496064447,1315.0,1590.8632069282246,7507,0.4925206665791891,207.42506408691406,203.96763610839844,175.74530029296875
R-225-2-14_masks.tif,145,14330.0,858.6101730552664,292.87196565101766,64.96195006732279,4.508361669369564,0.9750898905052056,-39.08460461895087,778.7286810886253,1616.536078157711,6194,0.4322400558269365,201.4987030029297,199.1456298828125,170.9801483154297
R-225-2-14_masks.tif,146,10155.0,573.4558441227157,233.16926419255066,58.64742223893408,3.9757802694652336,0.9678513332824684,-88.43242182589424,1026.4758247168882,1530.5383554899065,2657,0.26164451009355,197.9702606201172,193.2788848876953,160.7666473388672
R-225-2-14_masks.tif,147,11506.0,796.0243866176395,280.41531461098634,54.48491828170874,5.146659359221711,0.9809419969839015,-50.52335063352371,637.0459760125152,1605.9951329741004,3815,0.33156613940552754,205.89541625976562,204.85137939453125,170.996337890625
R-225-2-14_masks.tif,148,16067.0,911.8233764908629,332.73868086742283,62.55899416574664,5.318798444646502,0.9821666568038039,49.44055504672858,5177.539117445696,1640.4514221696645,9888,0.6154229165370013,190.9593505859375,193.62034606933594,171.76072692871094
R-225-2-14_masks.tif,149,17453.0,865.1126983722081,373.3018110977946,61.21843123320061,6.09786633825634,0.9864617041085373,-84.45775263329293,4741.034607230848,1583.2120552340573,9100,0.521400332321091,202.75405883789062,199.82550048828125,169.8958282470703
R-225-2-14_masks.tif,150,15518.0,883.1543289325507,332.93668604374346,69.97013133977758,4.7582687022122405,0.9776669042609433,-12.803557691545059,5017.924152596984,1721.5128238175023,7743,0.4989689392963011,199.94497680664062,198.9340057373047,170.0476531982422
R-225-2-14_masks.tif,151,13552.0,661.2548339959391,253.60507546049703,70.73333186467379,3.5853687190318055,0.9603168557605263,13.488714395422962,1092.0378541912632,1696.610020661157,8293,0.6119391971664699,198.29168701171875,194.43638610839844,180.6669464111328
R-225-2-14_masks.tif,152,20697.0,1091.0538238691624,432.28309172544755,62.79150578970742,6.884419895474237,0.989394175020328,15.738029578113002,1630.3599072329323,1788.2962748224381,9580,0.4628690148330676,190.86566162109375,188.68287658691406,171.67526245117188
R-225-2-14_masks.tif,153,15535.0,759.539105243401,272.2424002144213,74.83212573474037,3.638041784078765,0.9614805001495642,41.4738741943866,992.486836176376,1694.0290955906019,9345,0.6015448986160283,182.79165649414062,177.8088836669922,161.91952514648438
R-225-2-14_masks.tif,154,16767.0,862.7695526217004,350.159522250723,69.97922208260742,5.003764143553568,0.979826596064289,-86.59514341113875,4722.689568795849,1636.1637144390768,7880,0.46997077592890796,199.4681396484375,197.88946533203125,163.90760803222656
R-225-2-14_masks.tif,155,15120.0,915.1126983722081,385.32359662718113,51.46333793848702,7.487341708921987,0.9910408973798225,-2.6571603290372106,4253.829166666666,1788.7193783068783,9910,0.6554232804232805,204.12240600585938,201.11412048339844,174.53753662109375
R-225-2-14_masks.tif,156,17192.0,953.7817459305202,349.597025950857,88.46074185850166,3.952001968399256,0.9674567820871746,-26.034655710212387,4386.587133550489,1744.5814332247558,8301,0.4828408562121917,201.06300354003906,195.47055053710938,169.0337371826172
R-225-2-14_masks.tif,157,17135.0,1015.6812408671319,365.2308007671109,74.66283555518208,4.891734931459639,0.9788819270338892,33.318247404648176,1219.3377881529034,1743.4786110300554,9573,0.558681062153487,192.49420166015625,187.94024658203125,166.24276733398438
R-225-2-14_masks.tif,158,14619.0,982.2670273047588,350.13837645684544,55.59135613569006,6.298432000870977,0.987315648812745,-30.739696207918033,701.6360216157055,1801.0947397222792,5651,0.3865517477255626,206.49070739746094,202.9097442626953,186.04583740234375
R-225-2-14_masks.tif,159,17031.0,929.9827560572969,350.6394970713964,70.8623951562345,4.948174504944701,0.979365978240982,76.49998316339611,1401.9711702190125,1681.0645293875873,10801,0.6341964652692149,195.49032592773438,194.2102508544922,167.3756103515625
R-225-2-14_masks.tif,160,12184.0,909.39696961967,346.4873711358281,76.1143414887507,4.552195609378518,0.9755732873424745,-6.795589716478844,4171.948785292187,1793.4862934996718,5141,0.4219468154957321,209.64208984375,209.52635192871094,187.49542236328125
R-225-2-14_masks.tif,161,14309.0,896.7695526217004,374.0613161020228,60.255823189164104,6.207886579322192,0.9869404684897098,-1.2886354756792826,4210.618911174785,1831.8455517506463,10583,0.7396044447550493,204.74014282226562,201.85411071777344,187.771240234375
R-225-2-14_masks.tif,162,12367.0,749.539105243401,275.08464551370633,60.763501647776344,4.527136159931513,0.9752986828120533,-41.40325505836048,4885.513220667906,1756.3329829384652,6870,0.5555106331365731,203.24119567871094,202.9427947998047,168.0004425048828
R-225-2-14_masks.tif,163,11055.0,676.2253967444162,236.2877626002017,64.5042154964068,3.663136754424431,0.9620168478628306,-50.35515893233519,4807.354319312528,1745.3145183175034,6245,0.5649027589326097,197.39279174804688,195.806884765625,158.98670959472656
R-225-2-14_masks.tif,164,20400.0,1255.681240867132,496.4793091699683,63.43050211438688,7.827138247694246,0.9918050338303758,19.64068889439684,1200.5435294117647,1905.494019607843,9678,0.47441176470588237,205.34222412109375,199.24612426757812,181.7469482421875
R-225-2-14_masks.tif,165,12478.0,830.4264068711929,332.1045343857202,62.22576754265612,5.3370902039586845,0.9822897875738201,-5.979920747156071,4291.573168777048,1845.9339637762462,1095,0.0877544478281776,227.31964111328125,221.29588317871094,206.0063934326172
R-225-2-14_masks.tif,166,13670.0,856.8700576850888,384.96529458634666,47.6532948453066,8.078461223636925,0.992308943068594,4.145665154944001,4539.717922457937,1872.3079736649597,6084,0.44506217995610825,208.2000274658203,204.67587280273438,171.0742950439453
R-225-2-14_masks.tif,167,8739.0,573.1543289325507,207.45040015782502,56.16531570174979,3.6935677751627423,0.9626522451432591,-40.5327728092538,5360.345691726742,1761.3344776290194,3900,0.44627531754205285,193.51564025878906,195.17742919921875,165.67230224609375
R-225-2-14_masks.tif,168,12476.0,816.0832611206852,317.29775852502354,69.53054652509347,4.563429663399974,0.9756949007491373,-6.538718913843184,4458.357887143316,1841.426258416159,5504,0.4411670407181789,205.60719299316406,202.3893585205078,169.91224670410156
R-225-2-14_masks.tif,169,11550.0,733.39696961967,265.94145315670926,66.75095755555628,3.984084467033575,0.9679874252074214,-59.628827990503105,5110.2661471861475,1757.263116883117,4375,0.3787878787878788,205.6731414794922,203.35154724121094,159.0985107421875
R-225-2-14_masks.tif,170,14711.0,885.0538238691624,326.4226896940093,88.68071634937976,3.6808756529208204,0.9623892007965061,-3.61206649396004,4410.447624226769,1855.0080891849636,899,0.06111073346475426,218.74526977539062,199.42269897460938,207.77308654785156
R-225-2-14_masks.tif,171,9984.0,669.4558441227157,267.55299449404663,50.5191490156366,5.296070890094251,0.9820118636465688,-4.524792559848306,4494.92047275641,1866.9768629807693,6340,0.6350160256410257,207.38311767578125,205.4949493408203,186.70726013183594
R-225-2-14_masks.tif,172,15389.0,966.2253967444162,361.8096496428896,57.67785107903782,6.272939141700861,0.9872116733147449,17.65631285903581,1244.00701799987,1898.8343622067712,9507,0.6177789330040938,206.41506958007812,203.19627380371094,163.5457000732422
R-225-2-14_masks.tif,173,17055.0,1143.9238815542512,391.79226205351796,97.31429467873436,4.026050472306763,0.9686620634138706,-42.568000834242994,1384.9318674875403,1842.0724714160071,5990,0.35121665200820873,206.4677734375,201.3802947998047,157.0442352294922
R-225-2-14_masks.tif,174,11742.0,867.7817459305202,337.3195674793088,69.63093662172702,4.844392217669158,0.9784625856867982,-60.363290952049496,5135.273633111906,1801.246039856924,4310,0.36705842275591893,201.75196838378906,197.9088134765625,160.3424530029297
R-225-2-14_masks.tif,175,14622.0,1157.1370849898476,420.0745718144149,70.5130669965919,5.95740037565971,0.9858111078569093,-39.028475565447955,1406.0181233757353,1885.614006291889,7525,0.5146354807823827,206.57501220703125,203.1103057861328,174.83163452148438
R-225-2-14_masks.tif,176,11775.0,751.0121933088197,292.91106413536005,67.0042672215489,4.371528505294338,0.9734845105185157,-5.224805065973446,4622.709384288747,1910.2655626326964,6710,0.5698513800424628,206.1090850830078,201.9783935546875,175.6387481689453
R-225-2-14_masks.tif,177,20755.0,1325.0365799264591,484.356228781102,74.17835975936016,6.529616324119161,0.9882032085079674,-31.86371082770104,1398.8773789448326,1973.5870874488076,7702,0.3710913033004095,205.61581420898438,201.10386657714844,173.99856567382812
R-225-2-14_masks.tif,178,21236.0,1289.1370849898476,514.926612963298,78.50409416361869,6.559232590979076,0.9883101264600521,-33.89138395169932,1466.6085420983236,1998.6263420606517,9129,0.42988321717837635,202.65220642089844,198.6339111328125,177.27023315429688
R-225-2-14_masks.tif,179,11921.0,668.5685424949238,237.65862620494758,64.83344417416168,3.6656794842878724,0.9620705626693437,-22.992473517281766,717.4165757906216,1886.2033386460866,7481,0.6275480244945894,204.8180694580078,202.03782653808594,178.4814910888672
R-225-2-14_masks.tif,180,8130.0,656.8111831820431,243.1450578143834,46.16146934519691,5.267272928340669,0.9818128049155807,32.5211739999965,1078.291020910209,1882.2731857318572,25,0.003075030750307503,228.72000122070312,232.0800018310547,235.24000549316406
R-225-2-14_masks.tif,181,22216.0,1187.9238815542512,467.08549061487616,80.29007618903476,5.817474746382993,0.98511512167201,-65.95593004032054,1888.8142779978393,1849.183201296363,6444,0.2900612171407994,205.91650390625,202.01473999023438,155.4202423095703
R-225-2-14_masks.tif,182,21825.0,1176.208152801713,435.0392207458763,71.70901148014347,6.066730132883515,0.9863214166355856,55.4115923090988,3249.723482245132,1920.1982588774342,13062,0.5984879725085911,194.02610778808594,193.79513549804688,164.62869262695312
R-225-2-14_masks.tif,183,17759.0,868.953318805774,298.8496655972075,89.27850064714006,3.347386699272271,0.9543343802974432,-59.03237428698491,5177.384199560786,1902.3126865251422,7775,0.437806182780562,207.17208862304688,202.00694274902344,159.1592254638672
R-225-2-14_masks.tif,184,13596.0,677.1126983722081,280.390042785711,67.82210375164865,4.134198547017131,0.9703049617537828,82.358404308306,927.5324360105914,1834.9510885554575,9615,0.7071932921447485,201.50369262695312,200.69163513183594,180.8804931640625
R-225-2-14_masks.tif,185,9670.0,696.8111831820431,257.5430876399787,53.448667108649836,4.818512819345861,0.97822803587429,30.774464200531455,1131.081695966908,1892.3921406411582,0,0.0,,,
R-225-2-14_masks.tif,186,11124.0,880.2670273047588,311.79615865430026,47.255595872848644,6.598079082385396,0.988448172608992,-33.00859289833913,1464.9620640057533,1941.7696871628912,5375,0.48318950017979145,210.48912048339844,206.652099609375,183.98287963867188
R-225-2-14_masks.tif,187,14478.0,833.1126983722081,361.29251519401055,54.573113530343676,6.620339061159212,0.9885261749612811,5.563134415994045,795.4296173504628,1969.1009117281392,6204,0.42851222544550355,197.56753540039062,193.86734008789062,157.61009216308594
R-225-2-14_masks.tif,188,15890.0,927.2964645562816,335.23394945370194,86.71999360266814,3.865705421862343,0.9659617340863662,-74.26626629608867,2225.4930774071745,1873.3248584015105,5476,0.34461925739458776,206.63916015625,205.60134887695312,173.1871795654297
R-225-2-14_masks.tif,189,10696.0,729.8822509939085,255.6413929542173,63.71359943156682,4.012352076086916,0.9684442274788506,-47.05737103033894,5251.49897157816,1921.9497008227374,4445,0.4155759162303665,200.39865112304688,197.31585693359375,155.4933624267578
R-225-2-14_masks.tif,190,7660.0,474.2842712474619,177.63688712876112,56.53754312804412,3.14192795266069,0.9479981227379842,81.15325452842337,906.6159268929504,1880.4236292428197,4942,0.6451697127937337,202.58154296875,201.95933532714844,180.17037963867188
R-225-2-14_masks.tif,191,8688.0,601.4558441227157,232.86728096105386,52.783278071851434,4.411762388915338,0.973972365243029,2.378673477732775,841.3166436464088,1990.681399631676,5421,0.62396408839779,196.06419372558594,192.67385864257812,163.6760711669922
R-225-2-14_masks.tif,192,13815.0,896.2670273047588,323.5247327421831,55.835632368331424,5.794234237520309,0.9849945652750081,-33.193314805798515,917.571335504886,2010.4382917119074,8816,0.6381469417300036,201.6409912109375,199.145751953125,173.93557739257812
R-225-2-14_masks.tif,193,17217.0,823.4558441227157,364.02501467018755,60.89752067236934,5.977665603640156,0.9859078363671175,5.5254813145343835,2318.3334494975898,2042.7178370215486,9857,0.5725155369692746,197.12437438964844,195.15521240234375,176.80003356933594
R-225-2-14_masks.tif,194,18111.0,962.8528137423857,348.66915430125175,88.62193942074245,3.93434353366954,0.9671590302774555,54.01285669044376,4423.696758875822,2011.6083043454255,9702,0.5356965380155706,198.09483337402344,195.2764434814453,168.39126586914062
R-225-2-14_masks.tif,195,13237.0,733.3553390593274,299.94940064330734,60.7186992408805,4.939983965291509,0.9792967748815633,83.90433119382956,4856.1483719876105,1920.1721689204503,6202,0.4685351665785299,196.3318328857422,193.57981872558594,154.20944213867188
R-225-2-14_masks.tif,196,8199.0,474.2842712474619,175.42534665408803,60.731313189394314,2.888548550020866,0.9381627136712304,-69.78703513143648,5360.247469203561,1924.7907061836809,4104,0.5005488474204172,199.84552001953125,195.38790893554688,151.07115173339844
R-225-2-14_masks.tif,197,14486.0,920.3675323681471,327.3881840513084,68.93097124349063,4.749507777786095,0.9775834917140824,-67.52908645252292,2154.4148833356344,1977.4541626397902,5566,0.3842330526025128,201.1920623779297,199.00718688964844,175.57887268066406
R-225-2-14_masks.tif,198,10641.0,632.1837661840735,238.1272242663529,60.58712389751433,3.9303272535127283,0.9670907351040356,9.065269536447492,755.715064373649,2020.7602668922093,4389,0.412461234846349,205.78878784179688,198.79220581054688,176.9548797607422
R-225-2-14_masks.tif,199,21304.0,1089.6396103067893,423.51482182063614,90.00527035582307,4.705444693919927,0.9771567681472844,-80.88517193462923,1924.1627863312053,1992.412974089373,6799,0.3191419451746151,200.4508056640625,198.2110595703125,162.72569274902344
R-225-2-14_masks.tif,200,12670.0,716.6690475583121,271.6276878678488,63.153537155477764,4.301068476958437,0.9725963084848577,-20.271283650959358,610.120678768745,2042.225177584846,6439,0.5082083662194159,201.3379364013672,198.84609985351562,172.31201171875
R-225-2-14_masks.tif,201,6448.0,479.3553390593274,169.3675012285381,54.264847957433325,3.121127352303541,0.947283341773942,-65.90457238059928,5372.966656327543,1976.4692928039701,0,0.0,,,
R-225-2-14_masks.tif,202,16197.0,1067.095454429505,387.6660039668883,98.1484984514356,3.9497904714121277,0.967419716037776,-52.84438342524886,990.6892017040193,2040.8165709699326,8656,0.534419954312527,207.45713806152344,204.19869995117188,177.00184631347656
R-225-2-14_masks.tif,203,7380.0,487.84062043356596,165.16698671973967,59.00816635086319,2.799053028315691,0.9340035648907923,-26.257666013967345,684.7326558265582,2045.5127371273713,5003,0.6779132791327913,206.4467315673828,203.3076171875,179.15989685058594
R-225-2-14_masks.tif,204,20961.0,1157.8233764908628,436.24976535054014,94.28947353152049,4.626706980230451,0.9763631686146574,-47.68248603295724,1503.054577548781,2080.788989074949,7831,0.3735985878536329,209.4692840576172,205.09066772460938,169.8161163330078
R-225-2-14_masks.tif,205,16794.0,913.840620433566,383.21264956120876,69.34236996667686,5.52638523525177,0.9834922769159128,-89.5999075824112,4782.387042991544,2008.952542574729,7489,0.4459330713350006,203.9184112548828,201.3404998779297,157.9325714111328
R-225-2-14_masks.tif,206,18696.0,1005.3553390593274,441.49230807054937,61.70062424973006,7.155394510817787,0.9901861564095609,0.9281321479316769,4995.018078733419,2180.959189131365,9676,0.5175438596491229,205.37619018554688,203.6262969970703,180.76756286621094
R-225-2-14_masks.tif,207,13832.0,794.0416305603426,342.9517194471826,53.12981654865801,6.454976540961632,0.9879271389910855,-0.2869067096358492,5038.708718912666,2155.328152111047,6702,0.48452862926547136,207.78379821777344,204.8185577392578,185.411376953125
R-225-2-14_masks.tif,208,10798.0,777.9827560572969,266.9161329914077,78.64973374404113,3.393732188084242,0.9556018969343149,-38.60245315268415,5125.659566586405,2063.955362104093,4428,0.4100759399888868,206.80014038085938,206.31210327148438,166.70867919921875
R-225-2-14_masks.tif,209,12242.0,874.3675323681471,312.1959850091145,58.10119736480257,5.373314134111827,0.9825298837197838,-60.81010780092077,1028.7834504165985,2061.268991994772,7279,0.5945923868648914,203.5022735595703,199.1175994873047,167.5892333984375
R-225-2-14_masks.tif,210,17082.0,992.5096679918781,345.82630403890835,91.57520060211176,3.776418743994905,0.9643030408775893,-32.11862275836394,5152.877824610701,2123.15138742536,4933,0.2887835148109121,206.17210388183594,203.4378662109375,169.51327514648438
R-225-2-14_masks.tif,211,12188.0,867.1959594928933,318.2046708558149,63.42558441666286,5.016976568405379,0.9799337977394633,-54.12160312154907,1100.2155398752873,2113.7120118149,5319,0.43641286511322613,209.52566528320312,206.1312255859375,171.94735717773438
R-225-2-14_masks.tif,212,20291.0,1182.1076477383249,440.82258557147907,63.72209796736882,6.9178919030132695,0.9894971020442068,40.8159896649774,3601.7571829875315,2149.630772263565,18061,0.8900990586959736,201.61569213867188,199.9208221435547,183.03216552734375
R-225-2-14_masks.tif,213,19902.0,1170.9360748630709,447.4395274783053,59.959160682547136,7.462404783270184,0.9909806476013975,-45.745154657039684,1527.9322681137573,2161.409607074666,5716,0.2872073158476535,209.93019104003906,206.0941162109375,159.45819091796875
R-225-2-14_masks.tif,214,5298.0,401.2132034355964,143.26940885581087,53.43777171749019,2.6810513285103683,0.9278361624343059,-89.9125906109564,5381.071347678369,2038.2365043412608,0,0.0,,,
R-225-2-14_masks.tif,215,12208.0,729.2964645562816,261.771182157079,63.15035770207871,4.145205057935283,0.9704648439101939,-32.483057776380605,5212.4056356487545,2120.2646625163825,3876,0.3174967234600262,199.66073608398438,195.9509735107422,152.19711303710938
R-225-2-14_masks.tif,216,11900.0,808.2670273047588,290.9956713848357,56.862529510645054,5.1175294853944076,0.9807222782955399,-40.115336998263636,1601.1682352941177,2155.1267226890755,3261,0.27403361344537813,202.6225128173828,190.19166564941406,149.8626251220703
R-225-2-14_masks.tif,217,14705.0,912.8528137423857,329.8471982757967,61.6078739342451,5.353977944894625,0.982402335088832,31.89037868396074,2115.546616797008,2150.502414144849,10886,0.7402924175450527,201.40896606445312,197.87745666503906,186.82638549804688
R-225-2-14_masks.tif,218,13063.0,847.539105243401,306.5257631472205,57.2609733225205,5.353135746064331,0.9823967478243132,29.236025441177755,2166.743320829825,2144.1750746382913,10212,0.7817499808619766,203.09811401367188,201.01370239257812,188.22943115234375
R-225-2-14_masks.tif,219,19217.0,1128.651803615609,407.98077082236614,88.61514259338674,4.603962244854677,0.9761261852264497,42.13862205487214,3533.3976687308113,2207.0706145600248,13138,0.6836655045012229,203.39633178710938,199.22271728515625,184.41307067871094
R-225-2-14_masks.tif,220,6879.0,568.2253967444162,196.43599326612895,45.750781548743994,4.293609565048441,0.9724996664107505,-50.44664146068969,1540.5080680331444,2089.6031399912777,3959,0.5755196976304695,205.78378295898438,198.5998992919922,170.56983947753906
R-225-2-14_masks.tif,221,14159.0,1023.7228714274745,367.1134690187756,53.077199396530695,6.916594567775394,0.9894931407288021,41.15078517571292,3559.8246345080865,2170.4043364644394,14104,0.9961155448831133,210.4490966796875,207.77978515625,196.60174560546875
R-225-2-14_masks.tif,222,14942.0,785.840620433566,267.4997311340202,78.82909334675612,3.3934137737362167,0.9555933709214202,-85.24208026919331,4736.461986347209,2063.3336902690403,5255,0.3516932137598715,205.61351013183594,200.80532836914062,175.2759246826172
R-225-2-14_masks.tif,223,15057.0,945.8233764908629,337.39225378577345,62.727121417393136,5.378730063838391,0.9825653598709129,-48.70425308081967,1700.9116025768747,2130.4698811184167,7398,0.4913329348475792,204.73939514160156,203.23519897460938,167.14842224121094
R-225-2-14_masks.tif,224,17823.0,1100.1665222413703,425.41457986422813,89.9028021242396,4.731939047643186,0.977414800247684,-36.20516654168073,1908.3175110811871,2206.5356561746057,5003,0.28070470740054987,207.54527282714844,204.4197540283203,173.82150268554688
R-225-2-14_masks.tif,225,16165.0,824.3675323681471,303.06200097804765,70.70386567240891,4.286356878734466,0.9724052028382867,-30.980383795975953,5246.213176616146,2169.245963501392,9101,0.5630064955150016,191.78375244140625,191.70849609375,159.0994415283203
R-225-2-14_masks.tif,226,15159.0,954.0660171779821,343.4135081243643,59.46365669221822,5.775183149295046,0.984894642184582,-48.54722356886298,1716.4994392769972,2180.434329441256,5473,0.3610396464146712,207.82989501953125,205.25579833984375,169.69175720214844
R-225-2-14_masks.tif,227,13812.0,843.4386001800126,321.3811986462768,60.07666790252571,5.349517705737562,0.9823727148514784,-35.43020192726201,1877.618737329858,2181.821169997104,8028,0.58123370981755,200.3558807373047,197.37306213378906,171.62619018554688
R-225-2-14_masks.tif,228,14666.0,840.2670273047588,307.26923134834595,65.07534720631558,4.721745554029489,0.9773160464617867,-42.545860385849785,4847.816378017183,2173.7610118641755,7620,0.5195690713214237,198.37887573242188,197.28334045410156,164.8880615234375
R-225-2-14_masks.tif,229,17035.0,941.4974746830583,386.9152376090731,66.13500715390064,5.850384754759232,0.9852833608929313,84.82500708805848,4630.555620780746,2122.99577340769,4158,0.24408570589961842,201.1859130859375,196.4302520751953,164.18350219726562
R-225-2-14_masks.tif,230,23373.0,1245.1787155501902,447.51760996629025,71.32779758239997,6.274098249694374,0.987216428626459,49.02628644164362,760.6789457921533,2241.874213836478,10234,0.43785564540281524,191.3081817626953,188.51748657226562,171.83535766601562
R-225-2-14_masks.tif,231,14292.0,924.7523086789973,341.13597532059197,61.00259739722948,5.592154922506384,0.983881452851145,48.21795758451401,2094.813322138259,2216.7979988804927,7903,0.5529666946543521,202.60369873046875,198.6101531982422,189.74021911621094
R-225-2-14_masks.tif,232,15170.0,778.0243866176395,272.7200863693385,74.32110833626467,3.66948357572146,0.9621507095887083,-40.539992361580396,4883.316348055372,2218.0904416611734,8488,0.5595253790375742,196.74375915527344,196.3661651611328,162.73291015625
R-225-2-14_masks.tif,233,16880.0,903.3380951166242,317.0782144855059,72.68994165776388,4.3620645065085055,0.9733677532751844,43.373116118662125,2305.639751184834,2253.7652251184836,11708,0.6936018957345972,193.42884826660156,188.90647888183594,172.5121307373047
R-225-2-14_masks.tif,234,12400.0,754.5269119345812,311.16095627022804,59.27435929026921,5.249503495203698,0.9816883199345361,-85.67843953074451,2505.336451612903,2155.876612903226,4467,0.36024193548387096,201.40138244628906,200.77926635742188,179.09312438964844
R-225-2-14_masks.tif,235,13883.0,802.8700576850888,353.4019603173515,50.84742135346314,6.950243511085776,0.9895951639478003,85.15131618164153,4618.54779226392,2166.6655621983723,4993,0.3596484909601671,205.6407012939453,199.7282257080078,171.07290649414062
R-225-2-14_masks.tif,236,12530.0,832.0243866176395,303.25412342612367,66.37656172016595,4.568692857346234,0.9757515635208959,52.72686580675562,2081.4066241021546,2268.0569034317637,4716,0.3763766959297686,204.66539001464844,201.03775024414062,182.57357788085938
R-225-2-14_masks.tif,237,18316.0,978.0832611206852,408.3628975371596,61.013977073716624,6.692940160969652,0.9887751529952008,-79.4190830927576,1047.1512884909368,2207.113179733566,9268,0.5060056780956541,203.68051147460938,202.8200225830078,176.90127563476562
R-225-2-14_masks.tif,238,10745.0,710.2842712474619,299.0857295624514,47.32759134258747,6.31947921028723,0.9874005375032952,-83.8155627043236,2504.8055839925546,2197.081805490926,3393,0.3157747789669614,207.5039825439453,203.9021453857422,174.65724182128906
R-225-2-14_masks.tif,239,18031.0,1103.379725676967,405.4651400436733,65.6721213333566,6.174083184940866,0.9867961146433113,47.17498894982397,4638.287726692918,2329.890521878986,12721,0.7055071820753147,201.52015686035156,198.09645080566406,181.6395721435547
R-225-2-14_masks.tif,240,6711.0,465.7989898732233,193.40525550309346,47.517967670403536,4.070149987150135,0.9693481512905733,7.928958234778568,5415.796453583668,2262.156161525853,1094,0.16301594397258232,177.07861328125,181.6599578857422,153.8482666015625
R-225-2-14_masks.tif,241,14691.0,914.7523086789973,341.01239025443266,64.16259859820636,5.3148157603449295,0.9821396766717787,43.327977237539855,4712.366142536247,2292.9633789394866,9678,0.6587706759240352,204.173583984375,201.64186096191406,180.80047607421875
R-225-2-14_masks.tif,242,9725.0,848.9949493661167,319.5523862634137,39.79446438874596,8.03007129689587,0.9922156050933943,46.43447158585141,4662.147146529563,2298.245449871465,8185,0.8416452442159383,208.89846801757812,207.46328735351562,189.58680725097656
R-225-2-14_masks.tif,243,16249.0,1024.5096679918781,344.5555823677068,79.70079315482685,4.323113594344949,0.9728789647450972,-47.70294226287171,1021.255954212567,2304.048310665272,6265,0.38556218844236567,206.2560272216797,201.9501953125,168.12864685058594
R-225-2-14_masks.tif,244,13983.0,923.8233764908629,326.81410889216545,55.146254267538914,5.926315635267726,0.9856607847351101,-49.782824810243376,1078.549524422513,2316.6388471715654,5803,0.4150039333476364,203.80372619628906,198.9708709716797,155.68809509277344
R-225-2-14_masks.tif,245,17848.0,918.0243866176395,314.7838186603558,77.50646691333289,4.061387793773964,0.9692136470049938,61.34383981838858,2483.809726580009,2327.512550425818,12165,0.6815889735544599,195.0197296142578,193.36810302734375,176.39144897460938
R-225-2-14_masks.tif,246,15208.0,814.6690475583121,313.6191149606201,63.01485215098875,4.976907891637403,0.9796060181699754,76.83226365452325,2515.9470015781167,2263.5833114150446,6344,0.4171488690163072,200.48692321777344,198.397705078125,180.06715393066406
R-225-2-14_masks.tif,247,18120.0,874.8528137423857,319.7750486701312,73.37687586936164,4.3579812424755,0.9733171386893202,34.6122171866813,2040.8684878587196,2378.2154525386313,5272,0.29094922737306844,177.31373596191406,172.71908569335938,152.84957885742188
R-225-2-14_masks.tif,248,14859.0,948.1665222413704,350.24215047929283,55.90479296149589,6.264975361245325,0.9871789293982057,53.931900922315066,4574.063126724544,2357.862372972609,4384,0.29504004307153914,201.39529418945312,197.9311065673828,174.7073516845703
R-225-2-14_masks.tif,249,14738.0,848.7523086789973,309.83269775562076,62.275907903487735,4.975161473932823,0.9795915487967536,46.74580270626566,5339.537589903651,2354.684760483105,11764,0.798208712172615,200.1976318359375,196.8083953857422,171.3520965576172
R-225-2-14_masks.tif,250,20340.0,994.1837661840735,416.50499625588407,64.8948861746102,6.4181481902165585,0.9877873305960901,2.1328266288842204,5055.274680432645,2471.899655850541,9771,0.4803834808259587,188.8863983154297,188.76564025878906,163.88967895507812
R-225-2-14_masks.tif,251,21592.0,1070.0243866176395,390.6803485911668,103.73679632378638,3.7660730081904945,0.9641029902179442,28.69065929816062,3131.0321415339013,2460.783716191182,10129,0.46910892923304925,193.70974731445312,190.54269409179688,160.97601318359375
R-225-2-14_masks.tif,252,16560.0,940.651803615609,350.1192222750704,63.93189391568267,5.476440643801813,0.9831872205910863,45.436776349571794,5317.013526570048,2405.2342391304346,9489,0.5730072463768116,190.7815399169922,190.21266174316406,171.3420867919922
R-225-2-14_masks.tif,253,13729.0,932.3259018078045,387.5292629304239,63.35188590173252,6.117091187017463,0.9865472462518036,-78.97956539349703,1195.1635953091995,2340.8739893655766,413,0.030082307524218806,235.18885803222656,226.46731567382812,207.92251586914062
R-225-2-14_masks.tif,254,20562.0,1162.9949493661165,421.6303153747597,103.76482600558855,4.063325999814731,0.969243476064608,-44.59935965621348,1293.602227409785,2485.7440910417276,10196,0.4958661608792919,204.02206420898438,202.1527099609375,173.8120880126953
R-225-2-14_masks.tif,255,17939.0,966.1248916810279,376.9078305462864,65.10691857964548,5.789059577212427,0.9849675227079159,68.08580783232183,4442.851552483416,2402.6119070182285,9861,0.5496961926528792,185.2171173095703,186.73643493652344,165.0375213623047
R-225-2-14_masks.tif,256,16958.0,955.539105243401,371.64435851012615,71.09904080424324,5.227136038774044,0.9815297919328517,23.121430826674825,794.765538388961,2494.900283052247,5634,0.33223257459606087,185.99734497070312,182.7042999267578,159.90060424804688
R-225-2-14_masks.tif,257,17168.0,805.2548339959391,301.3614047868031,75.54818600802672,3.988995907258244,0.9680675068685713,-80.87017050055779,2241.7919967381176,2368.666356011184,9384,0.5465983224603914,198.7396697998047,195.4769744873047,160.54881286621094
R-225-2-14_masks.tif,258,17434.0,1110.2253967444162,461.8413466164033,58.16175560448794,7.940636279224801,0.9920385595314436,-75.06706204439476,1155.533268326259,2423.57015028106,6599,0.3785132499713204,207.1845703125,202.80117797851562,164.26791381835938
R-225-2-14_masks.tif,259,17228.0,895.3380951166242,321.91216339972647,69.98883030349312,4.599479116936463,0.9760790522249484,51.917844606733304,305.57766426747156,2463.645693057813,9197,0.5338402600417924,184.9910888671875,180.68641662597656,163.8195037841797
R-225-2-14_masks.tif,260,16661.0,925.9238815542512,345.72994902649094,65.6873042773026,5.263268950221686,0.9817848661549656,-55.771474724195386,2320.0453154072384,2471.91981273633,6070,0.3643238701158394,207.25914001464844,201.23426818847656,160.749755859375
R-225-2-14_masks.tif,261,13792.0,817.0538238691624,303.193089706661,74.19619175921163,4.086369967485816,0.9695948086050251,-58.62882837914805,571.5727958236658,2433.1851073085845,7539,0.5466212296983759,203.1157989501953,203.79983520507812,180.44369506835938
R-225-2-14_masks.tif,262,11654.0,742.8528137423857,269.7396044105737,57.50240534926895,4.690927323338536,0.9770134942711657,47.2797004573475,897.1854298953149,2465.6115496825123,5716,0.49047537326239915,201.0906219482422,198.68649291992188,184.44174194335938
R-225-2-14_masks.tif,263,10781.0,736.7106781186548,274.1295648349379,52.460183218878235,5.225478601384109,0.9815179628396586,-57.179070878818415,2284.662276226695,2438.864020035247,5170,0.47954735182265096,205.6301727294922,202.71566772460938,176.6224365234375
R-225-2-14_masks.tif,264,17360.0,1034.7106781186549,407.88041724601965,77.47590081120339,5.264610194594061,0.9817942322128302,-73.50836152008442,1169.1793202764977,2467.5016705069124,4904,0.2824884792626728,201.56524658203125,200.58462524414062,152.3431854248047
R-225-2-14_masks.tif,265,20352.0,1095.2375900532359,333.7190906689138,91.06592000989065,3.664588142662685,0.9620475222962408,56.27278272357118,2550.086281446541,2499.9243808962265,207,0.010170990566037735,230.67149353027344,209.32850646972656,206.98550415039062
R-225-2-14_masks.tif,266,10745.0,770.3675323681471,275.0925026974405,50.717046657000836,5.4240639159825275,0.9828581075660543,56.019258646930595,2586.0120986505353,2458.543601675198,6714,0.6248487668683108,200.16905212402344,198.18930053710938,171.09010314941406
R-225-2-14_masks.tif,267,11314.0,731.39696961967,276.1973835705758,53.26917383847738,5.184938373702972,0.9812250411535677,-64.1069958122889,621.0536503447057,2457.7304224854165,6916,0.6112780625773379,202.08457946777344,200.10830688476562,169.5974578857422
R-225-2-14_masks.tif,268,14962.0,833.7817459305202,310.7296511994092,68.69008174688109,4.523646548339099,0.9752600745946477,50.717264795618,2703.6084079668494,2486.660540034755,6934,0.4634407164817538,197.25613403320312,194.9470672607422,165.30616760253906
R-225-2-14_masks.tif,269,15402.0,960.2670273047588,357.2814589546066,59.77558509418656,5.97704662182142,0.9859048965871082,-61.67909191094526,562.9154005973251,2536.1763407349695,4624,0.30022075055187636,198.88645935058594,195.70697021484375,151.65982055664062
R-225-2-14_masks.tif,270,14234.0,720.1837661840735,296.58242813518393,62.3444670246233,4.75715716709948,0.97765634727543,12.224186374195023,4661.359280595757,2563.5102571308134,8002,0.5621750737670367,199.70582580566406,198.59860229492188,172.0189971923828
R-225-2-14_masks.tif,271,19492.0,1057.681240867132,402.44341685929237,80.61263488061503,4.992311905637365,0.9797329769864881,31.241121811353864,4827.648984198646,2575.179201723784,9959,0.5109275600246255,198.7790985107422,198.0552215576172,170.7511749267578
R-225-2-14_masks.tif,272,20648.0,1077.5807358037437,377.9726164605821,96.40214574913612,3.920790491989326,0.96692770526324,63.398096096500936,2533.794701666021,2563.299883765982,5365,0.2598314606741573,199.7901153564453,194.9781951904297,173.47735595703125
R-225-2-14_masks.tif,273,10423.0,719.8822509939085,261.3645432459004,56.73756187883594,4.606552248474282,0.9761533512923208,-54.65001881073233,642.8338290319485,2541.9706418497553,4756,0.45629857046915473,203.8553466796875,200.57968139648438,167.13624572753906
R-225-2-14_masks.tif,274,23664.0,1301.764501987817,478.77115950034255,72.13236514615029,6.637397214555283,0.9885854148353924,-43.12414963952839,2890.2565500338064,2603.2921315077756,5438,0.2298005409060176,205.04449462890625,199.90953063964844,149.54983520507812
R-225-2-14_masks.tif,275,14087.0,976.9949493661167,359.6522457711324,56.14826007041897,6.405403218551572,0.9877383806658793,-34.84533945277134,4508.354156314333,2594.0281110243486,4173,0.29623056718960744,208.19435119628906,205.36880493164062,169.311279296875
R-225-2-14_masks.tif,276,23395.0,1353.9655121145938,502.70925820219543,112.22809634585266,4.479352983525616,0.9747620160128284,-44.61442891535916,2945.0990382560376,2690.977345586664,14567,0.622654413336183,206.06089782714844,204.13345336914062,180.4617919921875
R-225-2-14_masks.tif,277,10047.0,809.7817459305202,294.2269255817878,44.50783781622132,6.610676681187912,0.9884924140433188,34.598273144507985,4787.30745496168,2590.8224345575795,8035,0.7997412162834677,201.10702514648438,199.64268493652344,187.2189178466797
R-225-2-14_masks.tif,278,17596.0,1100.3086578651014,389.0150900004069,67.89284745382477,5.729839071265696,0.9846527481098197,-43.18108783860678,2930.693168902023,2645.607694930666,11365,0.6458854285064788,206.94175720214844,204.681396484375,180.58961486816406
R-225-2-14_masks.tif,279,14565.0,929.095454429505,347.5313545506487,62.36632137384676,5.572420288626892,0.9837661399654456,35.826872081620174,4764.92481977343,2628.683213182286,6823,0.46845176793683485,195.9982452392578,192.644287109375,179.70468139648438
R-225-2-14_masks.tif,280,22553.0,1122.1837661840736,490.4221135959327,68.20239354118834,7.190687718309478,0.9902827277808022,2.2514497605072075,304.0881922582362,2722.710903205782,0,0.0,,,
R-225-2-14_masks.tif,281,11536.0,912.1665222413704,339.2479665435315,44.89010692930468,7.557299141162599,0.9912067297255303,-36.137755404192895,4527.191574202497,2635.5361477115116,4144,0.3592233009708738,204.36654663085938,199.84677124023438,166.1804962158203
R-225-2-14_masks.tif,282,15715.0,904.4680374315354,349.5222397032491,67.22720391309952,5.199119097011012,0.9813282928672972,-24.017615656905548,4423.265542475342,2648.7237034680243,5908,0.3759465478841871,206.40673828125,202.85206604003906,160.328369140625
R-225-2-14_masks.tif,283,21081.0,1035.0538238691624,413.77337405365574,65.95253165513037,6.273805776210393,0.9872152289868102,-16.718537778821368,949.5210853375077,2722.4841326312794,7839,0.3718514301978085,206.75723266601562,203.9613494873047,166.0010223388672
R-225-2-14_masks.tif,284,12900.0,928.1665222413704,333.5213218207488,57.40633942297316,5.809834334904109,0.9850756494864187,-38.721062708528336,5133.902868217055,2657.3713178294574,9357,0.7253488372093023,199.11563110351562,202.4099578857422,184.28599548339844
R-225-2-14_masks.tif,285,14600.0,942.9949493661167,338.22097935526426,56.73183936645224,5.961748872102807,0.9858319477338567,-39.20548285625459,5181.957534246575,2667.8975342465756,10813,0.7406164383561644,200.67372131347656,201.5108642578125,177.1326141357422
R-225-2-14_masks.tif,286,24327.0,1220.1248916810277,476.1158377130954,84.09212313440425,5.661836328619276,0.9842789097023923,-11.526950566776225,392.1650429563859,2785.924774941423,10989,0.45172031076581576,201.23568725585938,198.0323028564453,170.345703125
R-225-2-14_masks.tif,287,17224.0,1227.8650070512053,469.64190559473633,53.51753176480566,8.775477681943162,0.9934860372643598,-33.833155166411416,3041.405945192754,2761.9523920111474,12807,0.7435555039479795,209.57179260253906,206.32693481445312,187.05075073242188
R-225-2-14_masks.tif,288,16964.0,1133.379725676967,425.39959485375545,52.00268152952212,8.180339596762034,0.9925000391754186,-33.66921484869153,3002.9317967460506,2745.5553525112,10796,0.6364065078990804,208.12338256835938,205.95387268066406,188.12745666503906
R-225-2-14_masks.tif,289,16840.0,1098.4091629284899,396.8163916442337,73.80858594042562,5.3762903947858165,0.9825493926510304,-34.526628639631625,3073.836045130641,2795.193586698337,10225,0.607185273159145,206.42758178710938,203.79197692871094,177.4307098388672
R-225-2-14_masks.tif,290,14239.0,868.3675323681471,314.39497941152865,74.92378144187913,4.196197433726904,0.9711888941045084,58.25604906856062,4671.3937074232745,2723.213287449961,9248,0.649483812065454,193.59385681152344,191.9646453857422,169.569091796875
R-225-2-14_masks.tif,291,12983.0,957.539105243401,348.7180027495375,84.57324342759979,4.123266279222966,0.9701448625573993,-66.44128833943743,551.3139490102442,2750.0424401139953,3875,0.29846722637294926,200.7398681640625,198.68309020996094,155.98167419433594
R-225-2-14_masks.tif,292,17615.0,885.39696961967,349.2504243358178,65.80846678203282,5.307074323621394,0.9820870573815509,-69.88457177866493,5210.353675844451,2763.6769230769232,6789,0.3854101617939256,199.45721435546875,198.33053588867188,160.17498779296875
R-225-2-14_masks.tif,293,22282.0,1193.1370849898476,448.19987220646055,65.91132892326115,6.800043020347656,0.9891278866041696,30.514829924106124,4250.741495377435,2904.154384705143,13866,0.622296023696257,190.19818115234375,189.06692504882812,165.539306640625
R-225-2-14_masks.tif,294,13874.0,1007.4386001800126,391.9214634872587,72.12821764849647,5.433677363236888,0.9829192365277325,-62.58788646413464,560.7929940896641,2793.4687905434625,4045,0.2915525443275191,199.59259033203125,197.02719116210938,167.999755859375
R-225-2-14_masks.tif,295,16126.0,1081.4386001800126,435.98862181786234,66.20875247338817,6.585060215310699,0.9884021825777695,-65.7605865556981,606.8266774153541,2874.442081111249,5402,0.33498697755177975,202.15975952148438,199.1667938232422,156.5629425048828
R-225-2-14_masks.tif,296,13639.0,670.8700576850888,282.1900033619265,63.421249936977404,4.4494550902472385,0.9744172391887719,-87.0003144161072,4913.943324290637,2802.797932399736,7392,0.5419752181244959,197.22158813476562,192.96104431152344,155.8062744140625
R-225-2-14_masks.tif,297,12121.0,904.5096679918781,339.2830677981863,57.131446267534784,5.938639575294378,0.9857206674553466,-46.52787583218405,4633.1522976652095,2883.086214008745,5930,0.4892335615873278,203.86863708496094,200.52496337890625,173.2020263671875
R-225-2-14_masks.tif,298,11217.0,735.1959594928933,272.82860624168063,53.71181650628343,5.079489467829934,0.9804295653841956,-51.32665796125901,4689.4650976196845,2886.7302308995277,8142,0.7258625300882589,205.53475952148438,205.4683074951172,173.27117919921875
R-225-2-14_masks.tif,299,15953.0,1021.1959594928933,379.55017095905004,107.9070595484014,3.5173803507156443,0.9587346311071768,-67.53586557351011,616.1425437221839,2939.874694414844,4568,0.28634112706074094,203.95709228515625,201.21826171875,175.722412109375
R-225-2-14_masks.tif,300,15872.0,936.7106781186548,351.3791062746381,68.24910886213885,5.148479037058394,0.9809555970686042,-66.54318839291173,4882.056073588709,2880.3467741935483,7569,0.4768775201612903,196.50204467773438,195.54446411132812,162.31483459472656
R-225-2-14_masks.tif,301,10732.0,688.4680374315354,247.34482089023234,63.47577143327113,3.896680817030376,0.9665100763955806,-51.42756959177612,4717.8695490123,2924.5603801714497,4493,0.41865449124114795,204.40463256835938,200.9739532470703,168.8531036376953
R-225-2-14_masks.tif,302,17481.0,998.0243866176395,371.60713782013585,78.91592815457332,4.708899033567288,0.9771906613970883,26.35706057066,5190.678279274641,2966.5694754304673,11290,0.6458440592643442,192.9433135986328,194.4088592529297,173.6829071044922
R-225-2-14_masks.tif,303,13724.0,892.1248916810279,337.56821293553827,61.670982637609875,5.473696031716434,0.9831702115462944,27.781882908579075,5118.438574759545,3002.41766248907,6885,0.5016758962401632,198.0662384033203,196.83035278320312,184.4024658203125
R-225-2-14_masks.tif,304,10461.0,864.953318805774,311.56674462770957,43.76013739954767,7.119875830895587,0.9900875048533403,28.860690567929293,5153.128668387343,2983.337443839021,5369,0.5132396520409138,206.17694091796875,204.80181884765625,187.97206115722656
R-225-2-14_masks.tif,305,20823.0,1191.4802307403552,426.601399979561,95.50619249302662,4.466740730039147,0.9746174328613538,-50.16680983684654,4928.375114056572,3027.4079623493253,7848,0.376890937905201,201.87130737304688,200.80606079101562,164.87142944335938
R-225-2-14_masks.tif,306,17644.0,1091.7228714274745,401.3058628200457,68.39349165665783,5.8676030876540315,0.9853702456390483,-50.146838154312356,4877.528508274768,2959.3070732260258,6028,0.341645885286783,203.02687072753906,203.22760009765625,172.94227600097656
R-225-2-14_masks.tif,307,13777.0,805.8822509939085,302.3683043483015,59.166365156436,5.110476257056505,0.9806685044222113,62.223172132085175,4170.515642012049,2957.550918196995,9447,0.6857080641649126,195.76458740234375,198.02381896972656,175.55499267578125
R-225-2-14_masks.tif,308,16897.0,932.3675323681471,348.1030286934595,72.06407099128778,4.830465777260122,0.9783368432719028,62.606715894810726,4157.652601053442,3007.342546014085,0,0.0,,,
R-225-2-14_masks.tif,309,18174.0,1118.9949493661165,416.14570059861876,80.16406544185239,5.191175102022155,0.9812705571749878,-58.052253971040166,700.8089028282161,2986.613183668978,8125,0.4470672389127325,206.81637573242188,203.4982147216797,172.95249938964844
R-225-2-14_masks.tif,310,18521.0,1160.066017177982,434.8519620466111,61.22856512571673,7.102109303945914,0.9900375991033886,-61.00394514283581,745.7977970951893,3015.5717833810268,11012,0.5945683278440689,206.46585083007812,205.57264709472656,179.19578552246094
R-225-2-14_masks.tif,311,21305.0,1125.1370849898476,418.31283940864813,66.0293073373525,6.335260148519085,0.9874636270358977,-33.331995366767465,2563.798544942502,3105.438770241727,9499,0.4458577798638817,197.8291473388672,194.6085968017578,166.0333709716797
R-225-2-14_masks.tif,312,14305.0,1043.095454429505,368.00246700215666,52.442455739255614,7.017262289010042,0.9897939787518615,-61.68789304391236,752.2835372247466,3061.468507514855,5623,0.3930793428871024,204.58135986328125,199.85647583007812,171.13800048828125
R-225-2-14_masks.tif,313,16773.0,1134.7523086789975,415.47308094805953,85.3427845857861,4.868285971269525,0.9786757777790407,-62.762281521114716,765.1129195731235,3100.139211828534,3218,0.19185595898169677,194.9717254638672,190.15817260742188,146.34213256835938
R-225-2-14_masks.tif,314,9888.0,631.9411254969543,231.2847261533992,64.0062918425509,3.6134686059041914,0.9609441399525572,85.83985021894489,2780.9063511326863,3039.6847694174758,2705,0.2735639158576052,195.47653198242188,188.8306884765625,147.74972534179688
R-225-2-14_masks.tif,315,14853.0,892.0832611206852,373.78286621334627,52.08773116878616,7.1760250989265115,0.9902427811848816,-14.29511701723837,2615.171345856056,3199.6661280549383,4864,0.32747593078839293,204.30715942382812,201.45785522460938,168.0824432373047
R-225-2-14_masks.tif,316,17473.0,912.9116882454314,376.51839401958216,63.750249897147924,5.906147734746793,0.9855619699372143,-14.280401813098901,2660.4549876953015,3212.4081726091686,6279,0.3593544325530819,200.8369140625,200.3185272216797,169.2463836669922
R-225-2-14_masks.tif,317,14956.0,899.39696961967,327.17757779626345,84.88219990874336,3.854489847671376,0.9657598444891915,-78.89062840944798,4156.4426985825085,3101.559106713025,3067,0.20506820005349025,200.32736206054688,195.98695373535156,156.93348693847656
R-225-2-14_masks.tif,318,17373.0,1047.681240867132,403.2560023572006,64.29279934745799,6.272179877841087,0.9872085569465447,-64.7973821434332,4224.781327347033,3177.6852587348185,7004,0.40315431992171763,201.41818237304688,195.74072265625,153.94789123535156
R-225-2-14_masks.tif,319,7053.0,525.5979797464466,187.09855450815692,51.270869935230294,3.6492174746501407,0.9617207587802188,-66.77780780362586,4201.842336594357,3143.9323692045937,4001,0.5672763363107898,204.00100708007812,200.50238037109375,177.08172607421875
R-225-2-14_masks.tif,320,12972.0,783.8822509939085,266.77655501033854,63.848745344260834,4.178258375664671,0.9709372560132535,-59.559871568924386,4047.6625038544557,3194.8698735738512,7119,0.5487974098057354,196.63702392578125,198.94830322265625,171.19468688964844
R-225-2-14_masks.tif,321,19577.0,1079.681240867132,385.73529812617653,111.54436873578605,3.4581333194853037,0.9572767484405608,-47.92565440124836,4297.834346426929,3285.6625632119326,9005,0.45997854625325635,196.5257110595703,194.2730712890625,167.35780334472656
R-225-2-14_masks.tif,322,11184.0,787.9827560572969,298.89960592734826,62.24744352365175,4.801797294916656,0.9780744895656248,-69.59823982167659,4208.100321888412,3237.7469599427754,5693,0.5090307582260372,205.0017547607422,200.1090850830078,164.7953643798828
R-225-2-14_masks.tif,323,19667.0,998.953318805774,386.5340545306733,73.73523136069417,5.2421894852386925,0.9816367083693711,-68.5221935851592,3805.99161031169,3235.566481924035,7732,0.39314587888340874,196.15830993652344,195.5904083251953,150.90158081054688
R-225-2-14_masks.tif,324,21793.0,1117.5391052434009,449.52919615175813,74.19092197153985,6.059086262928511,0.9862866422191652,17.68483389325201,2163.5422842197036,3439.8587161015007,10887,0.4995640802092415,185.12803649902344,180.14236450195312,163.97557067871094
R-225-2-14_masks.tif,325,14355.0,880.3675323681471,322.8755759450834,63.5897730481191,5.077476463090375,0.9804138895773288,-58.88005546558215,113.84096133751306,3329.680877742947,7123,0.49620341344479274,199.72427368164062,199.97389221191406,170.75375366210938
R-225-2-14_masks.tif,326,17059.0,929.6812408671319,346.73113541439193,71.1544535710154,4.872936520668217,0.9787169027963674,-57.24011858531196,2863.0068585497393,3323.2034116888444,3674,0.21537018582566386,200.80430603027344,199.54681396484375,162.4945526123047
R-225-2-14_masks.tif,327,13620.0,877.7817459305202,318.15498863183285,58.13295392184319,5.472885294278631,0.9831651822514716,61.06251006631538,4051.5088839941263,3325.1055800293684,8108,0.5953010279001468,196.1111297607422,192.68795776367188,168.33473205566406
R-225-2-14_masks.tif,328,18789.0,999.1959594928933,364.0987296116017,101.54363431648737,3.5856381550889984,0.9603229425650992,37.81789666396094,318.0438022247059,3430.963063494598,9839,0.5236574591516313,190.53460693359375,187.6772003173828,177.0896453857422
R-225-2-14_masks.tif,329,17806.0,964.2670273047588,354.41899466867545,71.02252375049237,4.990233744914175,0.9797159184685328,60.57483420110511,4017.753229248568,3363.5585757609792,8374,0.47029091317533417,204.75543212890625,200.42453002929688,173.148681640625
R-225-2-14_masks.tif,330,16771.0,864.8528137423857,314.515567117509,77.67768305918133,4.048982342558864,0.9690216890790541,-39.64501132388399,2423.770675570926,3431.5500566453998,6354,0.3788682845387872,197.007080078125,193.86370849609375,154.81884765625
R-225-2-14_masks.tif,331,17570.0,953.1959594928933,363.0212099349205,65.9380696418028,5.505487374849926,0.9833656563597293,26.0165018152619,1163.8402390438248,3513.357996585088,7273,0.41394422310756973,194.27471923828125,188.91929626464844,164.3478546142578
R-225-2-14_masks.tif,332,21714.0,1021.539105243401,396.82348145406974,84.24697966927938,4.710239856809623,0.977203796869746,69.23996684948663,3988.310214608087,3443.854702035553,6872,0.316477848392742,183.1987762451172,177.1851043701172,145.889404296875
R-225-2-14_masks.tif,333,11478.0,699.3553390593274,274.1790131273247,58.51213926547624,4.685848382390247,0.9769630498118246,-85.94635807367266,2589.3814253354244,3418.6779926816516,3906,0.3403031887088343,201.49769592285156,199.91705322265625,163.0885772705078
R-225-2-14_masks.tif,334,10694.0,662.4264068711929,257.24714898916045,56.607244033316604,4.544421007985405,0.9754885864410793,-19.34176946707485,4458.279502524781,3548.6509257527587,4045,0.3782494856929119,189.91273498535156,190.0652618408203,151.9935760498047
R-225-2-14_masks.tif,335,14874.0,718.7695526217004,289.06108221184724,69.15165785602692,4.180103430255708,0.9709632898850878,-81.37175588386025,2576.63190802743,3471.5235982250906,7385,0.4965039666532204,193.38388061523438,191.18849182128906,170.79269409179688
R-225-2-14_masks.tif,336,11902.0,654.5269119345812,262.0991628691717,63.2684729195162,4.1426503718935646,0.9704278500564996,-80.33058303106729,101.53940514199294,3478.1910603259957,5198,0.43673332213073435,188.88284301757812,190.41246032714844,162.0126953125
R-225-2-14_masks.tif,337,17808.0,1000.3675323681471,378.0452015464258,89.66683325433955,4.216109656444567,0.9714643829004572,-67.72187895146213,2551.501965408805,3574.553459119497,7063,0.3966194968553459,195.8482208251953,195.58799743652344,167.47869873046875
R-225-2-14_masks.tif,338,12126.0,803.2964645562816,296.99278969814765,70.39875024550845,4.218722472521396,0.9715002366584198,-53.426182062700825,141.73107372587828,3582.5623453735775,5689,0.46915718291274944,197.58094787597656,195.8356475830078,166.43838500976562
R-225-2-14_masks.tif,339,12025.0,690.2253967444162,256.38040539807656,63.29084153433206,4.050829459409277,0.9690503849684385,-59.00946742362794,99.04158004158005,3555.392182952183,8527,0.7091060291060292,197.50509643554688,198.38748168945312,175.12371826171875
R-225-2-14_masks.tif,340,20114.0,999.2964645562816,386.848175198457,68.52055775071103,5.645724259949456,0.9841883284984273,72.74047552330451,1973.972158695436,3542.24366113155,9829,0.48866461171323455,184.93814086914062,180.30979919433594,157.19126892089844
R-225-2-14_masks.tif,341,9236.0,634.8111831820431,227.33836538552256,55.78640270331567,4.075157285092532,0.9694246183547166,-47.66697096538013,4356.615959289736,3575.8216760502382,3046,0.32979644867908187,187.2554168701172,188.3076171875,147.19073486328125
R-225-2-14_masks.tif,342,3905.0,382.18376618407353,132.65844872335128,39.931371869297855,3.3221610606709144,0.9536213349890744,-47.69631474909675,4527.336747759283,3607.742125480154,0,0.0,,,
R-225-2-14_masks.tif,343,11410.0,719.3553390593274,291.99865268430636,52.13621737785691,5.600687341163398,0.9839309280792261,-76.40855687680767,1541.8270815074495,3606.726555652936,3399,0.2978965819456617,195.08619689941406,195.0856170654297,150.3324432373047
